   Digits = 32000.
   Time   = 9.456489 seconds.

          3.
00000001: 14159265 35897932 38462643 38327950 28841971 69399375 10582097 49445923 07816406 28620899
00000081: 86280348 25342117 06798214 80865132 82306647 09384460 95505822 31725359 40812848 11174502
00000161: 84102701 93852110 55596446 22948954 93038196 44288109 75665933 44612847 56482337 86783165
00000241: 27120190 91456485 66923460 34861045 43266482 13393607 26024914 12737245 87006606 31558817
00000321: 48815209 20962829 25409171 53643678 92590360 01133053 05488204 66521384 14695194 15116094
00000401: 33057270 36575959 19530921 86117381 93261179 31051185 48074462 37996274 95673518 85752724
00000481: 89122793 81830119 49129833 67336244 06566430 86021394 94639522 47371907 02179860 94370277
00000561: 05392171 76293176 75238467 48184676 69405132 00056812 71452635 60827785 77134275 77896091
00000641: 73637178 72146844 09012249 53430146 54958537 10507922 79689258 92354201 99561121 29021960
00000721: 86403441 81598136 29774771 30996051 87072113 49999998 37297804 99510597 31732816 09631859
00000801: 50244594 55346908 30264252 23082533 44685035 26193118 81710100 03137838 75288658 75332083
00000881: 81420617 17766914 73035982 53490428 75546873 11595628 63882353 78759375 19577818 57780532
00000961: 17122680 66130019 27876611 19590921 64201989 38095257 20106548 58632788 65936153 38182796
00001041: 82303019 52035301 85296899 57736225 99413891 24972177 52834791 31515574 85724245 41506959
00001121: 50829533 11686172 78558890 75098381 75463746 49393192 55060400 92770167 11390098 48824012
00001201: 85836160 35637076 60104710 18194295 55961989 46767837 44944825 53797747 26847104 04753464
00001281: 62080466 84259069 49129331 36770289 89152104 75216205 69660240 58038150 19351125 33824300
00001361: 35587640 24749647 32639141 99272604 26992279 67823547 81636009 34172164 12199245 86315030
00001441: 28618297 45557067 49838505 49458858 69269956 90927210 79750930 29553211 65344987 20275596
00001521: 02364806 65499119 88183479 77535663 69807426 54252786 25518184 17574672 89097777 27938000
00001601: 81647060 01614524 91921732 17214772 35014144 19735685 48161361 15735255 21334757 41849468
00001681: 43852332 39073941 43334547 76241686 25189835 69485562 09921922 21842725 50254256 88767179
00001761: 04946016 53466804 98862723 27917860 85784383 82796797 66814541 00953883 78636095 06800642
00001841: 25125205 11739298 48960841 28488626 94560424 19652850 22210661 18630674 42786220 39194945
00001921: 04712371 37869609 56364371 91728746 77646575 73962413 89086583 26459958 13390478 02759009
00002001: 94657640 78951269 46839835 25957098 25822620 52248940 77267194 78268482 60147699 09026401
00002081: 36394437 45530506 82034962 52451749 39965143 14298091 90659250 93722169 64615157 09858387
00002161: 41059788 59597729 75498930 16175392 84681382 68683868 94277415 59918559 25245953 95943104
00002241: 99725246 80845987 27364469 58486538 36736222 62609912 46080512 43884390 45124413 65497627
00002321: 80797715 69143599 77001296 16089441 69486855 58484063 53422072 22582848 86481584 56028506
00002401: 01684273 94522674 67678895 25213852 25499546 66727823 98645659 61163548 86230577 45649803
00002481: 55936345 68174324 11251507 60694794 51096596 09402522 88797108 93145669 13686722 87489405
00002561: 60101503 30861792 86809208 74760917 82493858 90097149 09675985 26136554 97818931 29784821
00002641: 68299894 87226588 04857564 01427047 75551323 79641451 52374623 43645428 58444795 26586782
00002721: 10511413 54735739 52311342 71661021 35969536 23144295 24849371 87110145 76540359 02799344
00002801: 03742007 31057853 90621983 87447808 47848968 33214457 13868751 94350643 02184531 91048481
00002881: 00537061 46806749 19278191 19793995 20614196 63428754 44064374 51237181 92179998 39101591
00002961: 95618146 75142691 23974894 09071864 94231961 56794520 80951465 50225231 60388193 01420937
00003041: 62137855 95663893 77870830 39069792 07734672 21825625 99661501 42150306 80384477 34549202
00003121: 60541466 59252014 97442850 73251866 60021324 34088190 71048633 17346496 51453905 79626856
00003201: 10055081 06658796 99816357 47363840 52571459 10289706 41401109 71206280 43903975 95156771
00003281: 57700420 33786993 60072305 58763176 35942187 31251471 20532928 19182618 61258673 21579198
00003361: 41484882 91644706 09575270 69572209 17567116 72291098 16909152 80173506 71274858 32228718
00003441: 35209353 96572512 10835791 51369882 09144421 00675103 34671103 14126711 13699086 58516398
00003521: 31501970 16515116 85171437 65761835 15565088 49099898 59982387 34552833 16355076 47918535
00003601: 89322618 54896321 32933089 85706420 46752590 70915481 41654985 94616371 80270981 99430992
00003681: 44889575 71282890 59232332 60972997 12084433 57326548 93823911 93259746 36673058 36041428
00003761: 13883032 03824903 75898524 37441702 91327656 18093773 44403070 74692112 01913020 33038019
00003841: 76211011 00449293 21516084 24448596 37669838 95228684 78312355 26582131 44957685 72624334
00003921: 41893039 68642624 34107732 26978028 07318915 44110104 46823252 71620105 26522721 11660396
00004001: 66557309 25471105 57853763 46682065 31098965 26918620 56476931 25705863 56620185 58100729
00004081: 36065987 64861179 10453348 85034611 36576867 53249441 66803962 65797877 18556084 55296541
00004161: 26654085 30614344 43185867 69751456 61406800 70023787 76591344 01712749 47042056 22305389
00004241: 94561314 07112700 04078547 33269939 08145466 46458807 97270826 68306343 28587856 98305235
00004321: 80893306 57574067 95457163 77525420 21149557 61581400 25012622 85941302 16471550 97925923
00004401: 09907965 47376125 51765675 13575178 29666454 77917450 11299614 89030463 99471329 62107340
00004481: 43751895 73596145 89019389 71311179 04297828 56475032 03198691 51402870 80859904 80109412
00004561: 14722131 79476477 72622414 25485454 03321571 85306142 28813758 50430633 21751829 79866223
00004641: 71721591 60771669 25474873 89866549 49450114 65406284 33663937 90039769 26567214 63853067
00004721: 36096571 20918076 38327166 41627488 88007869 25602902 28472104 03172118 60820419 00042296
00004801: 61711963 77921337 57511495 95015660 49631862 94726547 36425230 81770367 51590673 50235072
00004881: 83540567 04038674 35136222 24771589 15049530 98444893 33096340 87807693 25993978 05419341
00004961: 44737744 18426312 98608099 88868741 32604721 56951623 96586457 30216315 98193195 16735381
00005041: 29741677 29478672 42292465 43668009 80676928 23828068 99640048 24354037 01416314 96589794
00005121: 09243237 89690706 97794223 62508221 68895738 37986230 01593776 47165122 89357860 15881617
00005201: 55782973 52334460 42815126 27203734 31465319 77774160 31990665 54187639 79293344 19521541
00005281: 34189948 54447345 67383162 49934191 31814809 27777103 86387734 31772075 45654532 20777092
00005361: 12019051 66096280 49092636 01975988 28161332 31666365 28619326 68633606 27356763 03544776
00005441: 28035045 07772355 47105859 54870279 08143562 40145171 80624643 62679456 12753181 34078330
00005521: 33625423 27839449 75382437 20583531 14771199 26063813 34677687 96959703 09833913 07710987
00005601: 04085913 37464144 28227726 34659470 47458784 77872019 27715280 73176790 77071572 13444730
00005681: 60570073 34924369 31138350 49316312 84042512 19256517 98069411 35280131 47013047 81643788
00005761: 51852909 28545201 16583934 19656213 49143415 95625865 86557055 26904965 20985803 38507224
00005841: 26482939 72858478 31630577 77560688 87644624 82468579 26039535 27734803 04802900 58760758
00005921: 25104747 09164396 13626760 44925627 42042083 20856611 90625454 33721315 35958450 68772460
00006001: 29016187 66795240 61634252 25771954 29162991 93064553 77991403 73404328 75262888 96399587
00006081: 94757291 74642635 74552540 79091451 35711136 94109119 39325191 07602082 52026187 98531887
00006161: 70584297 25916778 13149699 00901921 16971737 27847684 72686084 90033770 24242916 51300500
00006241: 51683233 64350389 51702989 39223345 17220138 12806965 01178440 87451960 12122859 93716231
00006321: 30171144 48464090 38906449 54440061 98690754 85160263 27505298 34918740 78668088 18338510
00006401: 22833450 85048608 25039302 13321971 55184306 35455007 66828294 93041377 65527939 75175461
00006481: 39539846 83393638 30474611 99665385 81538420 56853386 21867252 33402830 87112328 27892125
00006561: 07712629 46322956 39898989 35821167 45627010 21835646 22013496 71518819 09730381 19800497
00006641: 34072396 10368540 66431939 50979019 06996395 52453005 45058068 55019567 30229219 13933918
00006721: 56803449 03982059 55100226 35353619 20419947 45538593 81023439 55449597 78377902 37421617
00006801: 27111723 64343543 94782218 18528624 08514006 66044332 58885698 67054315 47069657 47458550
00006881: 33232334 21073015 45940516 55379068 66273337 99585115 62578432 29882737 23198987 57141595
00006961: 78111963 58330059 40873068 12160287 64962867 44604774 64915995 05497374 25626901 04903778
00007041: 19868359 38146574 12680492 56487985 56145372 34786733 03904688 38343634 65537949 86419270
00007121: 56387293 17487233 20837601 12302991 13679386 27089438 79936201 62951541 33714248 92830722
00007201: 01269014 75466847 65357616 47737946 75200490 75715552 78196536 21323926 40616013 63581559
00007281: 07422020 20318727 76052772 19005561 48425551 87925303 43513984 42532234 15762336 10642506
00007361: 39049750 08656271 09535919 46589751 41310348 22769306 24743536 32569160 78154781 81152843
00007441: 66795706 11086153 31504452 12747392 45449454 23682886 06134084 14863776 70096120 71512491
00007521: 40430272 53860764 82363414 33462351 89757664 52164137 67969031 49501910 85759844 23919862
00007601: 91642193 99490723 62346468 44117394 03265918 40443780 51333894 52574239 95082965 91228508
00007681: 55582157 25031071 25701266 83024029 29525220 11872676 75622041 54205161 84163484 75651699
00007761: 98116141 01002996 07838690 92916030 28840026 91041407 92886215 07842451 67090870 00699282
00007841: 12066041 83718065 35567252 53256753 28612910 42487761 82582976 51579598 47035622 26293486
00007921: 00341587 22980534 98965022 62917487 88202734 20922224 53398562 64766914 90556284 25039127
00008001: 57710284 02799806 63658254 88926488 02545661 01729670 26640765 59042909 94568150 65265305
00008081: 37182941 27033693 13785178 60904070 86671149 65583434 34769338 57817113 86455873 67812301
00008161: 45876871 26603489 13909562 00993936 10310291 61615288 13843790 99042317 47336394 80457593
00008241: 14931405 29763475 74811935 67091101 37751721 00803155 90248530 90669203 76719220 33229094
00008321: 33467685 14221447 73793937 51703443 66199104 03375111 73547191 85504644 90263655 12816228
00008401: 82446257 59163330 39107225 38374218 21408835 08657391 77150968 28874782 65699599 57449066
00008481: 17583441 37522397 09683408 00535598 49175417 38188399 94469748 67626551 65827658 48358845
00008561: 31427756 87900290 95170283 52971634 45621296 40435231 17600665 10124120 06597558 51276178
00008641: 58382920 41974844 23608007 19304576 18932349 22927965 01987518 72127267 50798125 54709589
00008721: 04556357 92122103 33466974 99235630 25494780 24901141 95212382 81530911 40790738 60251522
00008801: 74299581 80724716 25916685 45133312 39480494 70791191 53267343 02824418 60414263 63954800
00008881: 04480026 70496248 20179289 64766975 83183271 31425170 29692348 89627668 44032326 09275249
00008961: 60357996 46925650 49368183 60900323 80929345 95889706 95365349 40603402 16654437 55890045
00009041: 63288225 05452556 40564482 46515187 54711962 18443965 82533754 38856909 41130315 09526179
00009121: 37800297 41207665 14793942 59029896 95946995 56576121 86561967 33786236 25612521 63208628
00009201: 69222103 27488921 86543648 02296780 70576561 51446320 46927906 82120738 83778142 33562823
00009281: 60896320 80682224 68012248 26117718 58963814 09183903 67367222 08883215 13755600 37279839
00009361: 40041529 70028783 07667094 44745601 34556417 25437090 69793961 22571429 89467154 35784687
00009441: 88614445 81231459 35719849 22528471 60504922 12424701 41214780 57345510 50080190 86996033
00009521: 02763478 70810817 54501193 07141223 39086639 38339529 42578690 50764310 06383519 83438934
00009601: 15961318 54347546 49556978 10382930 97164651 43840700 70736041 12373599 84345225 16105070
00009681: 27056235 26601276 48483084 07611830 13052793 20542746 28654036 03674532 86510570 65874882
00009761: 25698157 93678976 69742205 75059683 44086973 50201410 20672358 50200724 52256326 51341055
00009841: 92401902 74216248 43914035 99895353 94590944 07046912 09140938 70012645 60016237 42880210
00009921: 92764579 31065792 29552498 87275846 10126483 69998922 56959688 15920560 01016552 56375678
00010001: 56672279 66198857 82794848 85583439 75187445 45512965 63443480 39664205 57982936 80435220
00010081: 27709842 94232533 02257634 18070394 76994159 79159453 00697521 48293366 55566156 78736400
00010161: 53666564 16547321 70439035 21329543 52916941 45990416 08753201 86837937 02348886 89479151
00010241: 07163785 29023452 92440773 65949563 05100742 10871426 13497459 56151384 98713757 04710178
00010321: 79573104 22969066 67021449 86374645 95280824 36944578 97723300 48764765 24133907 59204340
00010401: 19634039 11473202 33807150 95222010 68256342 74716460 24335440 05152126 69324934 19673977
00010481: 04159568 37535551 66730273 90074972 97363549 64533288 86984406 11964961 62773449 51827369
00010561: 55882207 57355176 65158985 51909866 65393549 48106887 32068599 07540792 34240230 09259007
00010641: 01731960 36225475 64789406 47548346 64776041 14632339 05651343 30684495 39790709 03023460
00010721: 46147096 16968868 85014083 47040546 07429586 99138296 68246818 57103188 79065287 03665083
00010801: 24319744 04771855 67893482 30894310 68287027 22809736 24809399 62706074 72645539 92539944
00010881: 28081137 36943388 72940630 79261595 99546262 46297070 62594845 56903471 19729964 09089418
00010961: 05953439 32512362 35508134 94900436 42785271 38315912 56898929 51964272 87573946 91427253
00011041: 43669415 32361004 53730488 19855170 65941217 35246258 95487301 67600298 86592578 66285612
00011121: 49665523 53382942 87854253 40483083 30701653 72285635 59152534 78445981 83134112 90019992
00011201: 05981352 20511733 65856407 82648494 27644113 76393866 92480311 83644536 98589175 44264739
00011281: 98822846 21844900 87776977 63127957 22672655 56259628 25427653 18300134 07092233 43657791
00011361: 60128093 17940171 85985999 33849235 49564005 70995585 61134980 25249906 69842330 17350358
00011441: 04408116 85526531 17099570 89942732 87092584 87894436 46005041 08922669 17835258 70785951
00011521: 29834417 29535195 37885534 57374260 85902908 17651557 80390594 64087350 61232261 12009373
00011601: 10804854 85263572 28257682 03416050 48466277 50450031 26200800 79980492 54853469 41469775
00011681: 16493270 95049346 39382432 22718851 59740547 02148289 71117779 23761225 78873477 18819682
00011761: 54629812 68685817 05074027 25502633 29044976 27789442 36216741 19186269 43965067 15157795
00011841: 86756482 39939176 04260176 33870454 99017614 36412046 92182370 76488783 41968968 61181558
00011921: 15873606 29386038 10171215 85527266 83008238 34046564 75880405 13808016 33638874 21637140
00012001: 64354955 61868964 11228214 07533026 55100424 10489678 35285882 90243670 90488711 81909094
00012081: 94533144 21828766 18103100 73547705 49815968 07720094 74696134 36092861 48494178 50171807
00012161: 79306810 85469000 94458995 27942439 81392135 05586422 19648349 15126390 12803832 00109773
00012241: 86806628 77923971 80146134 32445726 40097374 25700735 92100315 41508936 79300816 99805365
00012321: 20276007 27749674 58400283 62405346 03726341 65542590 27601834 84030681 13818551 05979705
00012401: 66400750 94260878 85735796 03732451 41467867 03688098 80609716 42584975 95138069 30944940
00012481: 15154222 21943291 30217391 25383559 15031003 33032511 17491569 69174502 71494331 51558854
00012561: 03922164 09722910 11290355 21815762 82328318 23425483 26111912 80092825 25619020 52630163
00012641: 91147724 73314857 39107775 87442538 76117465 78671169 41477642 14411112 63583553 87136101
00012721: 10232679 87756410 24682403 22648346 41766369 80663785 76813492 04530224 08197278 56471983
00012801: 96308781 54322116 69122464 15911776 73225326 43356861 46186545 22268126 88726844 59684424
00012881: 16107854 01676814 20808850 28005414 36131462 30821025 94173756 23899420 75713627 51674573
00012961: 18918945 62835257 04413354 37585753 42698699 47254703 16566139 91999682 62824727 06413362
00013041: 22178923 90317608 54289437 33935618 89165125 04244040 08952719 83787386 48058472 68954624
00013121: 38823437 51788520 14395600 57104811 94988423 90606136 95734231 55907967 03461491 43447886
00013201: 36041031 82350736 50277859 08975782 72731305 04889398 90099239 13503373 25085598 26558670
00013281: 89242612 42947367 01939077 27130706 86917092 64625484 23240748 55036608 01360466 89511840
00013361: 09366860 95463250 02145852 93095000 09071510 58236267 29326453 73821049 38724996 69933942
00013441: 46855164 83261134 14611068 02674466 37334375 34076429 40266829 73865220 93570162 63846485
00013521: 28514903 62932019 91996882 85171839 53669134 52224447 08045923 96602817 15655156 56661113
00013601: 59823112 25062890 58549145 09715755 39002439 31535190 90210711 94573002 43880176 61503527
00013681: 08626025 37881797 51947806 10137150 04489917 21002220 13350131 06016391 54158957 80371177
00013761: 92775225 97874289 19179155 22417189 58536168 05947412 34193398 42021874 56492564 43462392
00013841: 53195313 51033114 76394911 99507285 84306583 61935369 32969928 98379149 41939406 08572486
00013921: 39688369 03265564 36421664 42576079 14710869 98431573 37496488 35292769 32822076 29472823
00014001: 81537409 96154559 87982598 91093717 12621828 30258481 12389011 96822142 94576675 80718653
00014081: 80650648 70261338 92822994 97257453 03328389 63818439 44770779 40228435 98834100 35838542
00014161: 38973542 43956475 55684095 22484455 41392394 10001620 76936368 46776413 01781965 93799715
00014241: 57468541 94633489 37484391 29742391 43365936 04100352 34377706 58886778 11394986 16478747
00014321: 14079326 38587386 24732889 64564359 87746676 38479466 50407411 18256583 78878454 85814896
00014401: 29612739 98413442 72608606 18724554 52360643 15371011 27468097 78704464 09475828 03487697
00014481: 58948328 24123929 29605829 48619196 67091895 80898332 01210318 43034012 84951162 03534280
00014561: 14412761 72858302 43559830 03204202 45120728 72535581 19584014 91809692 53395075 77840006
00014641: 74655260 31446167 05082768 27722235 34191102 63416315 71474061 23850425 84598841 99076112
00014721: 87258059 11393568 96014316 68283176 32356732 54170734 20817332 23046298 79928049 08514094
00014801: 79036887 86878949 30546955 70307261 90095020 76433493 35910602 45450864 53628935 45686295
00014881: 85313153 37183868 26561786 22736371 69757741 83023986 00659148 16164049 44965011 73213138
00014961: 95747062 08847480 23653710 31150898 42799275 44268532 77974311 39514357 41722197 59799359
00015041: 68525228 57452637 96289612 69157235 79866205 73408375 76687388 42664059 90993505 00081337
00015121: 54324546 35967504 84423528 48747014 43545419 57625847 35642161 98134073 46854111 76688311
00015201: 86544893 77697956 65172796 62326714 81033864 39137518 65946730 02443450 05449953 99742372
00015281: 32871249 48347060 44063471 60632583 06498297 95510109 54183623 50303094 53097335 83446283
00015361: 94763047 75645015 00850757 89495489 31393944 89921612 55255977 01436858 94358587 75263796
00015441: 25597081 67764380 01254365 02371412 78346792 61019955 85224717 22017772 37004178 08419423
00015521: 94872540 68015560 35998390 54898572 35467456 42390585 85021671 90313952 62944554 39131663
00015601: 13453089 39062046 78438778 50542393 90524731 36201294 76918749 75191011 47231528 93267725
00015681: 33918146 60730008 90277689 63114810 90220972 45207591 67297007 85058071 71863810 54967973
00015761: 10016787 08506942 07092232 90807038 32634534 52038027 86099055 69001341 37182368 37099194
00015841: 95164896 00755049 34126787 64367463 84902063 96401976 66855923 35654639 13836318 57456981
00015921: 47196210 84108096 18846054 56039038 45534372 91414465 13474940 78488442 37721751 54334260
00016001: 30669883 17683310 01133108 69042193 90310801 43784334 15137092 43530136 77631084 91351615
00016081: 64226984 75074303 29716746 96406665 31527035 32546711 26675224 60551199 58183196 37637076
00016161: 17991919 20357958 20075956 05302346 26775794 39363074 63056901 08011494 27141009 39136913
00016241: 81072581 37813578 94005599 50018354 25118417 21360557 27522103 52680373 57265279 22417373
00016321: 60575112 78872181 90844900 61780138 89710770 82293100 27976659 35838758 90939568 81485602
00016401: 63224393 72656247 27760378 90814458 83785501 97028437 79362407 82505270 48758164 70324581
00016481: 29087839 52324532 37896029 84166922 54896497 15606981 19218658 49267704 03956481 27810217
00016561: 99132174 16305810 55459880 13004845 62997651 12124153 63745150 05635070 12781592 67142413
00016641: 42103301 56616535 60247338 07843028 65525722 27530499 98837015 34879300 80626018 09623815
00016721: 16136690 33411113 86538510 91936739 38352293 45888322 55088706 45075394 73952043 96807906
00016801: 70868064 45096986 54880168 28743437 86126453 81583428 07530618 45485903 79821799 45996811
00016881: 54419742 53634439 96029025 10015888 27216474 50068207 04193761 58454712 31834600 72629339
00016961: 55054823 95571372 56840232 26821301 24767945 22644820 91023564 77527230 82081063 51889915
00017041: 26928891 08455571 12660396 50343978 96278250 01611015 32351605 19655904 21184494 99077899
00017121: 92007329 47690586 85778787 20982901 35295661 39788848 60509786 08595701 77312981 55314951
00017201: 68146717 69597609 94210036 18355913 87778176 98458758 10446628 39988060 06162298 48616935
00017281: 33738657 87735983 36161338 41338536 84211978 93890018 52956919 67804554 48285848 37011709
00017361: 67212535 33875862 15823101 33103877 66827211 57269495 18179589 75469399 26421979 15523385
00017441: 76623167 62754757 03546994 14892904 13018638 61194391 96283887 05436777 43224276 80913236
00017521: 54494853 66768000 00106526 24854730 55861598 99914017 07698385 48318875 01429389 08995068
00017601: 54530765 11680333 73222651 75662207 52695179 14422528 08165171 66776672 79303548 51542040
00017681: 23817460 89232839 17032754 25750867 65511785 93950027 93389592 05766827 89677644 53184040
00017761: 41855401 04351348 38953120 13263783 69283580 82719378 31265496 17459970 56745071 83320650
00017841: 34556644 03449045 36275600 11250184 33560736 12227659 49278393 70647842 64567633 88188075
00017921: 65612168 96050416 11390390 63960162 02215368 49410926 05387688 71483798 95599991 12099164
00018001: 64644119 18568277 00457424 34340216 72276445 58933012 77815868 69525069 49936461 01756850
00018081: 60167145 35431581 48010545 88605645 50133203 75864548 58403240 29871709 34809105 56211671
00018161: 54684847 78039447 56979804 26318099 17564228 09873998 76697323 76957370 15808068 22904599
00018241: 21236616 89025962 73043067 93165311 49401764 73769387 35140933 61833216 14280214 97633991
00018321: 89835484 87562529 87524238 73077559 55595546 51963944 01821840 99841248 98262367 37714672
00018401: 26061633 64329640 63357281 07078875 81640438 14850188 41143188 59882769 44901193 21296827
00018481: 15888413 38694346 82859006 66408063 14077757 72570563 07294004 92940302 42049841 65654797
00018561: 36705485 58044586 57202276 37840466 82337985 28271057 84319753 54179501 13472736 25774080
00018641: 21347682 60450228 51579795 79764746 70228409 99561601 56910890 38458245 02679265 94205550
00018721: 39587922 98185264 80070683 76504183 65620945 55434613 51341525 70065974 88191634 13595567
00018801: 19649654 03218727 16026485 93049039 78748958 90661272 50794828 27693895 35217536 21850796
00018881: 29778514 61884327 19223223 81015874 44505286 65238022 53284389 13752738 45892384 42253547
00018961: 26530981 71578447 83421582 23270206 90287232 33005386 21634798 85094695 47200479 52311201
00019041: 50432932 26628272 76321779 08840087 86148022 14753765 78105819 70222630 97174950 72127248
00019121: 47947816 95729614 23658595 78209083 07332335 60348465 31873029 30266596 45013718 37542889
00019201: 75579714 49924654 03868179 92138934 69244741 98509733 46267933 21072686 87076806 26399193
00019281: 61965044 09954216 76278409 14669856 92571507 43157407 93805323 92523947 75574415 91845821
00019361: 56251819 21552337 09607483 32923492 10345146 26437449 80559610 33079941 45347784 57469999
00019441: 21285999 99399612 28161521 93148887 69388022 28108300 19860165 49416542 61696858 67883726
00019521: 09587745 67618250 72759929 50893180 52187292 46108676 39958916 14585505 83972742 09809097
00019601: 81729323 93010676 63868240 40111304 02470073 50857828 72462713 49463685 31815469 69046696
00019681: 86939254 72519413 99291465 24238577 62550047 48529547 68147954 67007050 34799958 88676950
00019761: 16124972 28204030 39954632 78830695 97624936 15101024 36555352 23069061 29493885 99015734
00019841: 66102371 22354789 11292547 69617600 50479749 28060721 26803922 69110277 72261025 44149221
00019921: 57650450 81206771 73571202 71802429 68106203 77657883 71669091 09418074 48781404 90755178
00020001: 20385653 90991047 75941413 21543284 40625030 18027571 69650820 96427348 41469572 63978842
00020081: 56008453 12140659 35809041 27113592 00419759 85136254 79616063 22887361 81367373 24450607
00020161: 92441176 39975974 61938358 45749159 88097667 44709300 65463424 23460634 23747466 60804317
00020241: 01260052 05592849 36959414 34081468 52981505 39471789 00451835 75515412 52235905 90687264
00020321: 87863575 25419112 88877371 76637486 02766063 49603536 79470269 23229718 68327717 39323619
00020401: 20077745 22126247 51869833 49515101 98642698 87847171 93966497 69070825 21742336 56627259
00020481: 28440620 43021411 37199227 85269984 69884770 23238238 40055655 51788908 76613601 30477098
00020561: 43861168 70523105 53149162 51728373 27286760 07248172 98763756 98163354 15074608 83866364
00020641: 06934704 37206688 65127568 82661497 30788657 01568501 69186474 88541679 15459650 72342877
00020721: 30699853 71390430 02665307 83987763 85032381 82155355 97323530 68604301 06757608 38908627
00020801: 04984188 85951380 91030423 59578249 51439885 90113185 83584066 74723702 97149785 08414585
00020881: 30857813 39156270 76035639 07639473 11455495 83226694 57024941 39831634 33237897 59556808
00020961: 56836297 25386791 32750555 42524491 94358912 84050452 26953812 17913191 45135009 93846311
00021041: 77401797 15122837 85460116 03595540 28644059 02496466 93070776 90554810 28850208 08580087
00021121: 81157738 17191741 77601733 07385547 58006056 01433774 32990127 28677253 04318251 97579167
00021201: 92969965 04146070 66457125 88834697 97964293 16229655 20168797 30003564 63045793 08840327
00021281: 48077181 15553309 09887025 50520768 04630346 08658165 39487695 19600440 84820659 67379473
00021361: 16808641 56456505 30049881 61649057 88311543 45485052 66006982 30931577 76500378 07046612
00021441: 64706021 45750579 32709620 47825615 24714591 89652236 08396645 62410519 55105223 57239739
00021521: 51288181 64059785 91427914 81654263 28920042 81609136 93777372 22999833 27082082 96995573
00021601: 77273756 67615527 11392258 80552018 98876201 14168005 46873655 80633471 60373429 17039079
00021681: 86396522 96131280 17826797 17289822 93607028 80690877 68660593 25274637 84053976 91848082
00021761: 04102194 47197138 69256084 16245112 39806201 13184541 24478205 01107987 60717155 68315407
00021841: 88654390 41210873 03240201 06853419 47230476 66672174 98698685 47076781 20512473 67924791
00021921: 93150856 44477537 98537997 32234456 12278584 32968466 47513336 57369238 72014647 23679427
00022001: 87004250 32555899 26884349 59287612 40075587 56946413 70562514 00117971 33166207 15371543
00022081: 60068764 77318675 58714878 39890810 74295309 41060596 94431584 77539700 94398839 49144323
00022161: 53668539 20994687 96450665 33985738 88786614 76294434 14010498 88993160 05120767 81035886
00022241: 11660202 96119363 96821349 60750111 64983278 56353161 45168457 69568710 90029997 69841263
00022321: 26650234 77167286 57378579 08574664 60772283 41540311 44152941 88047825 43876177 07904300
00022401: 01566986 77679576 09099669 36075594 96515273 63498118 96413043 31166277 47123388 17406037
00022481: 31743970 54067031 09676765 74869535 87896700 31925866 25941051 05335843 84656023 39179674
00022561: 92678447 63708474 97833365 55790073 84191473 19886271 35259546 25181604 34225372 99628632
00022641: 67496824 05806029 64211463 86436864 22472488 72834341 70441573 48248183 33016405 66959668
00022721: 86676956 34914163 28426414 97453334 99994800 02669987 58881593 50735781 51958899 00539512
00022801: 08535103 57261373 64034367 53471410 48360175 46488300 40784641 67452167 37190483 10967671
00022881: 13443494 81926268 11107399 48250607 39495073 50316901 97318521 19552635 63258433 90998224
00022961: 98624067 03107683 18446607 29124874 75403161 79699411 39738776 58998685 54170318 84778867
00023041: 59290260 70043212 66617919 22352093 82278788 80988633 59911608 19235355 57046463 49113208
00023121: 59189796 13279131 97564909 76000139 96234445 53501434 64268604 64495862 47690943 47048293
00023201: 29414041 11465409 23988344 43515913 32010773 94411184 07410768 49810663 47241048 23935827
00023281: 40194493 56651610 88463125 67852977 69734684 30306146 24180358 52933159 73458303 84554103
00023361: 37010916 76776374 27621021 37013548 54450926 30719011 47318485 74923318 16720721 37279355
00023441: 67952844 39254815 60913728 12840633 30393735 62420016 04566455 74145881 66052166 60873874
00023521: 80472433 91212955 87776390 69690370 78828527 75389405 24607584 96231574 36917113 17613478
00023601: 38827194 16860662 57210368 51321566 47800147 67523103 93578606 89611125 99602818 39309548
00023681: 70905907 38613519 14591819 51029732 78755710 49729011 48717189 71800469 61697770 01791391
00023761: 96137914 17162707 01895846 92143436 96762927 45910994 00600849 83568425 20191559 37037010
00023841: 11049747 33949387 78859894 17433031 78534870 76032219 82970579 75119144 05109942 35883034
00023921: 54635349 23498268 83624043 32726741 55403016 19505680 65418093 94099820 20609994 14021689
00024001: 09007082 13307230 89662119 77553066 59188141 19157783 62729274 61561857 10372172 47100952
00024081: 14236964 83086410 25928874 57999322 37495519 12219519 03424452 30753513 38068568 07354464
00024161: 99512720 31744871 95403976 10730806 02699062 58076020 29273145 52520780 79914184 29063884
00024241: 43734996 81458273 37207266 39176702 01183004 64819000 24130835 08846584 15214899 12761065
00024321: 13741539 43565721 13903285 74918769 09441370 20905170 31487773 46165287 98482353 38297260
00024401: 13611098 45148418 23808120 54099612 52745808 81099486 97221612 85248974 25555516 07637167
00024481: 50548961 73016809 61380381 19143611 43992106 38005083 21409876 04599309 32485102 51682944
00024561: 67260666 13815174 57125597 54953580 23998314 69822036 13380828 49935670 55755247 12902745
00024641: 39776214 04931820 14658008 02156653 60677655 08783804 30413431 05918046 06800834 59113664
00024721: 08348874 08005741 27258670 47922583 19127415 73908091 43831384 56424150 94084913 39180968
00024801: 40251163 99193685 32255573 38966953 74902662 09232613 18855891 58083245 55719484 53875628
00024881: 78612885 90041060 06073746 50140262 78240273 46962528 21717494 15823317 49239683 53013617
00024961: 86536737 60642166 77813773 99510065 89528877 42766263 68418306 80190804 60984980 94697636
00025041: 67335662 28291513 23527888 06157768 27815958 86691802 38940333 07644191 24034120 22316368
00025121: 57786035 72769415 41778826 43523813 19050280 87018575 04704631 29333537 57285386 60588890
00025201: 45831114 50773942 93520199 43219711 71642235 00564404 29798920 81594307 16701985 74692738
00025281: 48653833 43614579 46341759 22573898 58800169 80147574 20542995 80124295 81054565 10831046
00025361: 29728293 75841611 62532562 51657249 80784920 99897990 62003593 65099347 21582965 17413579
00025441: 84910471 11660791 58743698 65412223 48341887 72292944 63351786 53856731 96255985 20260729
00025521: 47674072 61676714 55736498 12105677 71689348 49176607 71705277 18760119 99081441 13058645
00025601: 57791052 56843048 11440261 93840232 24709392 49802933 55073184 58903553 97133088 44617410
00025681: 79591625 11714864 87446861 12476054 28673436 70904667 84686702 74091881 01424971 11496578
00025761: 17724279 34707021 66882956 10877794 40504843 75284433 75108828 26477197 85400065 09704033
00025841: 02186255 61473321 17771174 41335028 16088403 51781452 54196432 03095760 18694649 08868154
00025921: 52856213 46988355 44456024 95566684 36602922 19512483 09106053 77201980 21831010 32704178
00026001: 38665447 18126039 71906884 62370857 51808003 53270471 85659499 47612424 81109992 88679158
00026081: 96904956 39476246 08424065 93094862 15076903 14987020 67353384 83495508 36366017 84877106
00026161: 08098042 69247132 41000946 40143736 03265645 18456679 24566695 51001502 29833079 84960799
00026241: 49882497 06172367 44936122 62229617 90814311 41466094 12341593 59309585 40791390 87208322
00026321: 73354957 20807571 65171876 59944985 69379562 38755516 17575438 09178052 80294642 00447215
00026401: 39628074 63602113 29425591 60025707 35628126 38733106 00589106 52457080 24474937 54318414
00026481: 94014821 19996276 45310680 06631183 82376163 96631809 31444671 29861552 75982014 51410275
00026561: 60068929 75024630 40173514 89194576 36078935 28555053 17331416 45705049 96443890 93630843
00026641: 87448478 39616840 51845273 28840323 45202470 56851646 57164771 39323775 51729479 51261323
00026721: 98229602 39454857 97545865 17458787 71331813 87529598 09412174 22730035 22965080 89177705
00026801: 06825924 88223221 54938048 37145478 16472139 76820963 32050830 56479204 82085920 47549985
00026881: 73203888 76391601 99524091 89389455 76768749 73085695 59580106 59526503 03626615 97506622
00026961: 25084067 42889826 59075106 37563569 96821151 09496697 44580547 28869363 10203678 23250182
00027041: 32370845 97901115 48472087 61821247 78132663 30412076 21658731 29708112 30758159 82124863
00027121: 98072124 07868878 11450165 58251361 78903070 86087019 89758898 07456643 95515741 53631931
00027201: 91981070 57533663 37380382 72152798 84935039 74800158 90519420 87971130 80512339 33221903
00027281: 46624991 71691509 48541401 87106035 46037946 43379005 89095772 11808044 65743962 80618671
00027361: 78610171 56740967 66208029 57665770 51291209 90794430 46328929 47306159 51043090 22214393
00027441: 71849560 63405618 93425130 57268291 46578329 33405246 35028929 17547087 25648426 00349629
00027521: 61165413 82300773 13327298 30500160 25672401 41851520 41890701 15428857 99208121 98449315
00027601: 69990591 82011819 73350012 61877280 36812481 99587707 02075324 06361259 31343859 55425477
00027681: 81961142 93516356 12234966 61522614 73539967 40515849 98603552 95332924 57523888 10136202
00027761: 34762466 90558164 38967863 09762736 55047243 48643071 21849437 34853006 06387644 56627218
00027841: 66617012 38127715 62137974 61498613 28744117 71455244 47089971 44522885 66294244 02301847
00027921: 91205478 49857452 16346964 48973892 06240194 35183100 88283480 24924908 54030778 63875165
00028001: 91130287 39587870 98100772 71827187 45290139 72836614 84214287 17055317 96543076 50453432
00028081: 46005363 61472618 18096997 69334862 64077435 19992868 63238350 88756683 59509726 55748154
00028161: 31940195 57685043 72480010 20413749 83187225 96773871 54958399 71844490 72791419 65845930
00028241: 08394263 70208756 35398216 96205532 48032122 67498911 40267852 85996734 05242031 09179789
00028321: 99057188 21949391 32075343 17079800 23736590 98537552 02389116 43467185 58290685 37118979
00028401: 52626234 49248339 24963424 49714656 84659124 89185566 29589329 90903523 92333336 47435203
00028481: 70770101 08438800 32907598 34217018 55422838 61617210 41760301 16459187 80539367 44747205
00028561: 99850235 82891833 69292233 73239994 80437108 41965947 31626548 25748099 48250999 18330069
00028641: 76569367 15968936 44933488 64744213 50084070 06608835 97235039 53234017 95825570 36016936
00028721: 99098867 11321097 98897070 51728075 58551912 69930673 09925070 40702455 68507786 79069476
00028801: 61262980 82251633 13639952 11709845 28092630 37592242 67425755 99892892 78370474 44521893
00028881: 63203489 41552104 45972618 83800300 67761793 13813991 62058062 70165102 44588692 47649246
00028961: 89192461 21253102 75731390 84047000 71435613 62316992 37169484 81325542 00914530 41037135
00029041: 45329662 06392105 47982439 21251725 40132314 90274058 58920632 17589494 34548906 84639931
00029121: 37570910 34633271 41531622 32805522 97297953 80188016 28590735 72955416 27886764 98274186
00029201: 16421878 98857410 71649069 19185116 28152854 86794173 63890665 38857642 29158342 50067361
00029281: 24538491 60674137 34017357 27799563 41043326 88356950 78149313 78007362 35418007 06191802
00029361: 67328551 19194267 60912210 35987469 24117283 74931261 63395001 23959924 05084543 75698507
00029441: 95704622 26646190 00103500 49018303 41535458 42833764 37811198 85563187 77792537 20116671
00029521: 85395418 35984438 30520376 28194407 61594106 82071697 03022851 52250573 12609304 68984234
00029601: 33152732 13136121 65828080 75212631 54773060 44237747 53505952 28717440 26663891 48817173
00029681: 08643611 13890694 20279088 14311944 87994171 54042103 41219084 70940802 54023932 94294549
00029761: 38786402 30512927 11909751 35360009 21971105 41209668 31115163 28705423 02847007 31206580
00029841: 32626417 11616595 76132723 51566662 53667271 89985341 99895236 88483099 93027574 19916463
00029921: 84142707 79887088 74229277 05389122 71724863 22028898 42512528 72178260 30500994 51082478
00030001: 35729056 91988555 46788607 94628053 71227042 46654319 21452817 60741482 40382783 58297193
00030081: 01017888 34567416 78113989 54750448 33931468 96307633 96657226 72704339 32167454 21824557
00030161: 06252479 72199786 68542798 97799233 95790575 81890622 52547358 22052364 24850783 40711014
00030241: 49804787 26691990 18643882 29323053 82318559 73286978 09222535 29591017 34140733 48847610
00030321: 05564018 24239219 26950620 83183814 54698392 36646136 39891012 10217709 59767049 08305081
00030401: 85470419 46643713 12299692 35889538 49301363 56576186 10606222 87055994 23371631 02127845
00030481: 74464639 89738188 56674626 08794820 18647487 67272722 20626764 65338099 80196688 36809941
00030561: 59075776 85263986 51462533 36312450 53640261 05696055 13183813 17426118 44201890 88853196
00030641: 35698696 27950367 38424313 01133175 33053298 02016688 81748134 29886815 85577810 34323175
00030721: 30647849 83210629 71842518 43855344 27620128 23457071 69885305 18326179 64117857 96088881
00030801: 50329602 29070561 44762209 15094739 03594664 69162353 96809201 39457817 58910889 31992112
00030881: 26007392 81491694 81615273 84273626 42980982 34063200 24402449 58944561 29167049 50823581
00030961: 24873917 99648641 13348032 47577752 19708932 77226234 94860150 46652681 43987705 16153170
00031041: 26696929 70492831 62855042 12898146 70619533 19702695 07214378 23047687 52802873 54126166
00031121: 39170824 59251700 10714180 85480063 69232594 62019002 27808740 98597719 21805158 53214739
00031201: 26532515 59035410 20928466 59252999 14353791 82531454 52905984 15817637 05892790 69098969
00031281: 11164381 18780943 53715213 32261443 62531449 01274547 72695739 39348154 69163116 24928873
00031361: 57471882 40715039 95009446 73195431 61938554 85207665 73882513 96391635 76723151 00555603
00031441: 72633948 67208207 80865373 49424401 15799667 50736071 11593513 31959197 12094896 47175530
00031521: 24531364 77094209 46356969 82226673 77520994 51684506 43623824 21185353 48879893 95673187
00031601: 80660610 78854400 05508276 57030558 74485418 05778891 71920788 14233511 38662929 66717964
00031681: 34687600 77047999 53788338 78703487 18021842 43734211 22739402 55717690 81960309 20182401
00031761: 88427057 04609262 25641783 75265263 35832424 06612533 11529423 45796556 95025068 10018310
00031841: 90041124 53790153 32966156 97052237 92103257 06937051 09083078 94799990 04999395 32215362
00031921: 27484766 03613677 69797856 73865846 70936679 58858378 87956259 46464891 37665219 95882869